{
 "cells": [
  {
   "cell_type": "code",
   "execution_count": 4,
   "metadata": {},
   "outputs": [],
   "source": [
    "import os\n",
    "import numpy as np\n",
    "import pandas as pd\n",
    "import seaborn as sns\n",
    "import matplotlib.pyplot as plt\n",
    "from pymatgen.core.composition import Composition\n",
    "import scipy.stats\n",
    "from scipy.stats import pearsonr\n",
    "import collections\n",
    "sns.set_context('paper', font_scale=2)\n",
    "lgdcnn_dir = r\"D:\\deep\\LGDCNN\""
   ]
  },
  {
   "cell_type": "code",
   "execution_count": 5,
   "metadata": {},
   "outputs": [],
   "source": [
    "def JS_divergence(p,q):\n",
    "    M=(p+q)/2\n",
    "    return 0.5*scipy.stats.entropy(p, M, base=2)+0.5*scipy.stats.entropy(q, M, base=2)\n",
    "\n",
    "def KL_divergence(p,q):\n",
    "    return scipy.stats.entropy(p, q, base=2)\n",
    "\n",
    "def eculidDisSim(x,y):\n",
    "    '''\n",
    "    欧几里得相似度\n",
    "    '''\n",
    "    return np.sqrt(sum(pow(a-b,2) for a,b in zip(x,y)))\n",
    "\n",
    "def manhattanDisSim(x,y):\n",
    "    '''\n",
    "    曼哈顿相似度\n",
    "    '''\n",
    "    return sum(abs(a-b) for a,b in zip(x,y))\n",
    "\n",
    "def cosSim(x,y):\n",
    "    '''\n",
    "    余弦相似度\n",
    "    '''\n",
    "    tmp=np.sum(x*y)\n",
    "    non=np.linalg.norm(x)*np.linalg.norm(y)\n",
    "    return np.round(tmp/float(non),9)\n",
    "\n",
    "def pearsonrSim(x,y):\n",
    "    '''\n",
    "    皮尔森相似度\n",
    "    '''\n",
    "    return pearsonr(x,y)[0]"
   ]
  },
  {
   "attachments": {},
   "cell_type": "markdown",
   "metadata": {},
   "source": [
    "## 2"
   ]
  },
  {
   "cell_type": "code",
   "execution_count": 3,
   "metadata": {},
   "outputs": [
    {
     "ename": "IndexError",
     "evalue": "list index out of range",
     "output_type": "error",
     "traceback": [
      "\u001b[1;31m---------------------------------------------------------------------------\u001b[0m",
      "\u001b[1;31mIndexError\u001b[0m                                Traceback (most recent call last)",
      "\u001b[1;32md:\\deep\\LGDCNN\\lgdcnn\\plots\\plot_element_eam_batch_correlation.ipynb Cell 4\u001b[0m line \u001b[0;36m1\n\u001b[0;32m     <a href='vscode-notebook-cell:/d%3A/deep/LGDCNN/lgdcnn/plots/plot_element_eam_batch_correlation.ipynb#W3sZmlsZQ%3D%3D?line=12'>13</a>\u001b[0m \u001b[39m# %%\u001b[39;00m\n\u001b[0;32m     <a href='vscode-notebook-cell:/d%3A/deep/LGDCNN/lgdcnn/plots/plot_element_eam_batch_correlation.ipynb#W3sZmlsZQ%3D%3D?line=13'>14</a>\u001b[0m name1 \u001b[39m=\u001b[39m [i\u001b[39m.\u001b[39msplit(\u001b[39m'\u001b[39m\u001b[39m.csv\u001b[39m\u001b[39m'\u001b[39m)[\u001b[39m0\u001b[39m] \u001b[39mfor\u001b[39;00m i \u001b[39min\u001b[39;00m mat_props \u001b[39mif\u001b[39;00m i\u001b[39m.\u001b[39msplit(\u001b[39m'\u001b[39m\u001b[39m.csv\u001b[39m\u001b[39m'\u001b[39m)[\u001b[39m0\u001b[39m] \u001b[39m==\u001b[39m \u001b[39m'\u001b[39m\u001b[39mfraction_fomula\u001b[39m\u001b[39m'\u001b[39m]\n\u001b[1;32m---> <a href='vscode-notebook-cell:/d%3A/deep/LGDCNN/lgdcnn/plots/plot_element_eam_batch_correlation.ipynb#W3sZmlsZQ%3D%3D?line=14'>15</a>\u001b[0m path_formula \u001b[39m=\u001b[39m os\u001b[39m.\u001b[39mpath\u001b[39m.\u001b[39mjoin(data_dir, \u001b[39mf\u001b[39m\u001b[39m'\u001b[39m\u001b[39m{\u001b[39;00mname1[\u001b[39m0\u001b[39m]\u001b[39m}\u001b[39;00m\u001b[39m.csv\u001b[39m\u001b[39m'\u001b[39m)\n\u001b[0;32m     <a href='vscode-notebook-cell:/d%3A/deep/LGDCNN/lgdcnn/plots/plot_element_eam_batch_correlation.ipynb#W3sZmlsZQ%3D%3D?line=15'>16</a>\u001b[0m df_f \u001b[39m=\u001b[39m pd\u001b[39m.\u001b[39mread_csv(path_formula)\n\u001b[0;32m     <a href='vscode-notebook-cell:/d%3A/deep/LGDCNN/lgdcnn/plots/plot_element_eam_batch_correlation.ipynb#W3sZmlsZQ%3D%3D?line=16'>17</a>\u001b[0m formu_2 \u001b[39m=\u001b[39m df_f[\u001b[39m'\u001b[39m\u001b[39mformula\u001b[39m\u001b[39m'\u001b[39m]\u001b[39m.\u001b[39mvalues\n",
      "\u001b[1;31mIndexError\u001b[0m: list index out of range"
     ]
    }
   ],
   "source": [
    "str_f = 'As'\n",
    "s_name = '2'\n",
    "# %%\n",
    "# data_dir = f'data/embeddings_L-ATT-RES-DCNN-512/ENV/{str_f}/3'\n",
    "data_dir = f'data/embeddings_L-ATT-RES-DCNN-512/ENV_OQMD_band_train_val/{str_f}/{s_name}'\n",
    "if isinstance(data_dir, list):\n",
    "    mat_props = data_dir\n",
    "elif os.path.isdir(data_dir):\n",
    "    mat_props = os.listdir(data_dir)\n",
    "else:\n",
    "    mat_props = [data_dir]\n",
    "\n",
    "# %%\n",
    "name1 = [i.split('.csv')[0] for i in mat_props if i.split('.csv')[0] == 'fraction_fomula']\n",
    "path_formula = os.path.join(data_dir, f'{name1[0]}.csv')\n",
    "df_f = pd.read_csv(path_formula)\n",
    "formu_2 = df_f['formula'].values\n",
    "\n",
    "row_ind = 2\n",
    "save_num_2 = np.zeros((len(mat_props)-1, row_ind, row_ind))\n",
    "\n",
    "for i, mat_prop in enumerate(mat_props):\n",
    "    if mat_prop.split('.csv')[0] == 'fraction_fomula':\n",
    "        mat_props.pop(i)\n",
    "for i, mat_prop in enumerate(mat_props):   \n",
    "    if os.path.isfile(mat_prop):\n",
    "        name = os.path.basename(mat_prop).split('.csv')[0]\n",
    "        path = mat_prop\n",
    "    elif os.path.isdir(data_dir):\n",
    "        name = mat_prop.split('.csv')[0]\n",
    "        path = os.path.join(data_dir, f'{name}.csv')\n",
    "    else:\n",
    "        path = data_dir\n",
    "        name = mat_prop.split('/')[-1].split('.csv')[0]\n",
    "        \n",
    "    # read csv files\n",
    "    df = pd.read_csv(path)\n",
    "    if 'element' not in df.columns:\n",
    "        df['element'] = df.iloc[:,0]\n",
    "        df = df.drop(columns=['Unnamed: 0'])\n",
    "\n",
    "    # get rid of 'Null' element representation\n",
    "    null_row = df['element'] == 'Null'\n",
    "    df = df[~null_row]\n",
    "\n",
    "    # grab only the elements that are in oliynyk\n",
    "    df.index = df['element']\n",
    "    \n",
    "    # df.index = df['model']\n",
    "    # df = df.loc[oliynyk_elements]\n",
    "\n",
    "    elements = df.pop('element')\n",
    "    \n",
    "    # %%\n",
    "    # normalize the dataframe\n",
    "    # zero mean, unit variance\n",
    "    # df = (df - df.mean(numeric_only=True)) / df.std(numeric_only=True)\n",
    "  \n",
    "    current_elements = elements\n",
    "    df_extended = df.reindex(current_elements)\n",
    "    dfT = df_extended.T\n",
    "    dfT.columns = current_elements\n",
    "    corr2 = dfT.corr()\n",
    "\n",
    "    save_num_2[i,:,:] = corr2.values\n",
    "    # mask = np.triu(np.ones_like(corr2, dtype=bool))\n",
    "\n",
    "\n",
    "\n",
    "thred_v = 0.01\n",
    "# thred_v = 0.1\n",
    "all_dict2 = dict(zip(formu_2, save_num_2)) \n",
    "index_coll2 = dict()\n",
    "\n",
    "k = 0\n",
    "for k1,values in all_dict2.items():\n",
    "    ll_k = []\n",
    "    ll_v = []\n",
    "    vv_k = []\n",
    "    vv_v = []\n",
    "    for k2,value_q in all_dict2.items():\n",
    "        if np.abs(np.subtract(values, value_q)).max() <= thred_v:\n",
    "            ll_v.append(value_q)\n",
    "            ll_k.append(k2)\n",
    "        else:\n",
    "            vv_v.append(value_q)\n",
    "            vv_k.append(k2)\n",
    "    if len(ll_v) != 0:\n",
    "        index_coll2[str(k)] = dict(zip(ll_k, ll_v))\n",
    "        k = k+1\n",
    "    if len(vv_v) != 0 and len(vv_v) != 1: \n",
    "        all_dict2 = dict()\n",
    "        all_dict2 = dict(zip(vv_k, vv_v))\n",
    "    else:\n",
    "        break\n",
    "        \n",
    "if len(vv_v) != 0:       \n",
    "    index_coll2[str(k)] = dict(zip(vv_k, vv_v))\n",
    "\n",
    "# puzzle large matrix\n",
    "puzzle_dict = {}\n",
    "for i,v in index_coll2.items():\n",
    "    for k, dic_v in v.items():\n",
    "        puzzle_dict[i] = dict(zip([k],[dic_v]))\n",
    "        continue\n",
    "\n",
    "# 得到每个环境下的一个pearson矩阵放到puzzle_arr\n",
    "puzzle_arr = np.zeros((len(index_coll2), row_ind, row_ind))\n",
    "for i,v in puzzle_dict.items():\n",
    "    for _, subsets in v.items():\n",
    "            puzzle_arr[int(i),:,:] = subsets\n",
    "\n",
    "# puzzle_arr.shape[0],3,3 转成 puzzle_arr.shape[0],3,2\n",
    "puzzle_arr_downscale = np.zeros((len(index_coll2), row_ind, row_ind-1))\n",
    "for i in range(puzzle_arr.shape[0]):\n",
    "    A = puzzle_arr[i]\n",
    "    puzzle_arr_downscale[i,:,:] = A[~np.eye(A.shape[0],dtype=bool)].reshape(A.shape[0],-1)\n",
    "\n",
    "# 降维 reshape 方便绘制heatmap\n",
    "puzzle_arr_trans = puzzle_arr_downscale.reshape(len(index_coll2),-1) \n",
    "\n",
    "# 删除array中的相同值\n",
    "puzzle_arr_trans_diff2 = np.unique(puzzle_arr_trans, axis=1)\n",
    "corr_2 = np.linalg.norm(puzzle_arr_trans_diff2, ord=np.Inf, axis=1, keepdims=True) # 范数inf"
   ]
  },
  {
   "cell_type": "code",
   "execution_count": null,
   "metadata": {},
   "outputs": [
    {
     "data": {
      "text/plain": [
       "[array([0.63856586]),\n",
       " array([0.67559784]),\n",
       " array([0.70736113]),\n",
       " array([0.74886336]),\n",
       " array([0.8327496]),\n",
       " array([0.84957768]),\n",
       " array([0.86919645]),\n",
       " array([0.88582961]),\n",
       " array([0.90945419]),\n",
       " array([0.92500802]),\n",
       " array([0.93706058]),\n",
       " array([0.95225359]),\n",
       " array([0.96438995]),\n",
       " array([0.97630477]),\n",
       " array([0.98012227]),\n",
       " array([0.98032474]),\n",
       " array([0.99168302])]"
      ]
     },
     "execution_count": 149,
     "metadata": {},
     "output_type": "execute_result"
    }
   ],
   "source": [
    "sorted(corr_2)"
   ]
  },
  {
   "cell_type": "code",
   "execution_count": null,
   "metadata": {},
   "outputs": [
    {
     "data": {
      "text/plain": [
       "[array([0.67559784]),\n",
       " array([0.70736113]),\n",
       " array([0.74886336]),\n",
       " array([0.8327496]),\n",
       " array([0.84957768]),\n",
       " array([0.90945419]),\n",
       " array([0.92500802]),\n",
       " array([0.93706058]),\n",
       " array([0.96438995])]"
      ]
     },
     "execution_count": 147,
     "metadata": {},
     "output_type": "execute_result"
    }
   ],
   "source": [
    "sorted(corr_2)"
   ]
  },
  {
   "cell_type": "code",
   "execution_count": null,
   "metadata": {},
   "outputs": [
    {
     "data": {
      "text/plain": [
       "[array([0.70736113]),\n",
       " array([0.74886336]),\n",
       " array([0.8327496]),\n",
       " array([0.86919645]),\n",
       " array([0.88582961]),\n",
       " array([0.96438995])]"
      ]
     },
     "execution_count": 145,
     "metadata": {},
     "output_type": "execute_result"
    }
   ],
   "source": [
    "sorted(corr_2)"
   ]
  },
  {
   "attachments": {},
   "cell_type": "markdown",
   "metadata": {},
   "source": [
    "## 3"
   ]
  },
  {
   "cell_type": "code",
   "execution_count": 6,
   "metadata": {},
   "outputs": [
    {
     "name": "stdout",
     "output_type": "stream",
     "text": [
      "5-----0.05:  345\n",
      "5-----0.1:  188\n",
      "5-----0.15:  118\n",
      "5-----0.2:  75\n",
      "5-----0.25:  62\n",
      "5-----0.3:  43\n",
      "5-----0.35:  34\n",
      "5-----0.4:  25\n"
     ]
    }
   ],
   "source": [
    "str_f = 'Si'\n",
    "# s_d = 'ENV_OQMD_band_test'\n",
    "# s_d = 'ENV_aflow_band_test'\n",
    "# s_d = 'ENV_OQMD_Formation_Enthalpy_test'\n",
    "# s_d = 'ENV_OQMD_Energy_per_atom_test'\n",
    "# s_d = 'ENV_aflow__energy_atom_test'\n",
    "# s_d = 'ENV_matbench_mp_gap_test'\n",
    "# s_d = 'ENV_matbench_log_gvrh0_test'\n",
    "# s_d = 'ENV_OQMD_Volume_per_atom_test'\n",
    "s_d = 'ENV_CritExam_Ef_test'\n",
    "# dir_s = 'CECV/embeddings_LSTM'\n",
    "# dir_s = 'CECV/embeddings_DCNN_K1'\n",
    "# dir_s = 'CECV/embeddings_DCNN'\n",
    "# dir_s = 'CECV/embeddings_LDCNN' #LDCNN\n",
    "dir_s = 'CECV/embeddings_L-G-DCNN'    # L-G-DCNN\n",
    "num = 5\n",
    "s_n = 'DCNN_sequential_' + str(num) + '_layers'\n",
    "# s_n = 'TransformerEncoder' + str(num) + '_layers'\n",
    "# s_n = 'Dropout' + str(num) + '_layers'\n",
    "# s_n = 'LSTM_output' + str(num)\n",
    "# s_n = 'GRU_output' + str(num)\n",
    "# s_n = 'RNN_output' + str(num)\n",
    "# s_n = 'embeddings_RDCNN' + str(num)\n",
    "\n",
    "for thred_v in [0.05,0.1,0.15,0.2,0.25,0.3,0.35,0.4]:\n",
    "    s_name = '3'\n",
    "    data_dir = os.path.join(lgdcnn_dir,\"data\", dir_s, s_d, str_f,s_n,s_name)\n",
    "    if isinstance(data_dir, list):\n",
    "        mat_props = data_dir\n",
    "    elif os.path.isdir(data_dir):\n",
    "        mat_props = os.listdir(data_dir)\n",
    "    else:\n",
    "        mat_props = [data_dir]\n",
    "    # %%\n",
    "    name1 = [i.split('.csv')[0] for i in mat_props if i.split('.csv')[0] == 'fraction_fomula']\n",
    "    path_formula = os.path.join(data_dir, f'{name1[0]}.csv')\n",
    "    df_f = pd.read_csv(path_formula)\n",
    "    formu = df_f['formula'].values\n",
    "    row_ind = 3\n",
    "    save_num = np.zeros((len(mat_props)-1,row_ind,row_ind))\n",
    "    for i, mat_prop in enumerate(mat_props):\n",
    "        if mat_prop.split('.csv')[0] == 'fraction_fomula':\n",
    "            mat_props.pop(i)\n",
    "    for i, mat_prop in enumerate(mat_props):   \n",
    "        if os.path.isfile(mat_prop):\n",
    "            name = os.path.basename(mat_prop).split('.csv')[0]\n",
    "            path = mat_prop\n",
    "        elif os.path.isdir(data_dir):\n",
    "            name = mat_prop.split('.csv')[0]\n",
    "            path = os.path.join(data_dir, f'{name}.csv')\n",
    "        else:\n",
    "            path = data_dir\n",
    "            name = mat_prop.split('/')[-1].split('.csv')[0]\n",
    "        # read csv files\n",
    "        df = pd.read_csv(path)\n",
    "        if 'element' not in df.columns:\n",
    "            df['element'] = df.iloc[:,0]\n",
    "            df = df.drop(columns=['Unnamed: 0'])\n",
    "        null_row = df['element'] == 'Null'\n",
    "        df = df[~null_row]\n",
    "        df.index = df['element']\n",
    "        elements = df.pop('element')\n",
    "        df = (df - df.mean(numeric_only=True)) / df.std(numeric_only=True)\n",
    "        current_elements = elements\n",
    "        df_extended = df.reindex(current_elements)\n",
    "        dfT = df_extended.T\n",
    "        dfT.columns = current_elements\n",
    "        corr2 = dfT.corr()\n",
    "        save_num[i,:,:] = corr2.values\n",
    "    all_dict = dict(zip(formu, save_num)) \n",
    "    index_coll = collections.OrderedDict()\n",
    "    k = 0\n",
    "    for k1,values in all_dict.items():\n",
    "        ll_k = []\n",
    "        ll_v = []\n",
    "        vv_k = []\n",
    "        vv_v = []\n",
    "        for k2,value_q in all_dict.items():\n",
    "            if np.abs((np.subtract(np.abs(values), np.abs(value_q)))).max() < thred_v:\n",
    "                ll_v.append(value_q)\n",
    "                ll_k.append(k2)\n",
    "            else:\n",
    "                vv_v.append(value_q)\n",
    "                vv_k.append(k2)\n",
    "        if len(ll_v) != 0:\n",
    "            index_coll[str(k)] = dict(zip(ll_k, ll_v))\n",
    "            k = k+1\n",
    "        if len(vv_v) != 0 and len(vv_v) != 1: \n",
    "            all_dict = dict()\n",
    "            all_dict = dict(zip(vv_k, vv_v))\n",
    "        else:\n",
    "            break\n",
    "    if len(vv_v) != 0:       \n",
    "        index_coll[str(k)] = dict(zip(vv_k, vv_v))\n",
    "    puzzle_dict_3 = collections.OrderedDict()\n",
    "    for i,v in index_coll.items():\n",
    "            first_key = next(iter(v))\n",
    "            puzzle_dict_3[i] = dict(zip([first_key],[v[first_key]]))\n",
    "            continue\n",
    "############################################################################################\n",
    "    s_name = '4'\n",
    "    data_dir = os.path.join(lgdcnn_dir,\"data\", dir_s, s_d, str_f,s_n,s_name)\n",
    "    if isinstance(data_dir, list):\n",
    "        mat_props = data_dir\n",
    "    elif os.path.isdir(data_dir):\n",
    "        mat_props = os.listdir(data_dir)\n",
    "    else:\n",
    "        mat_props = [data_dir]\n",
    "    name1 = [i.split('.csv')[0] for i in mat_props if i.split('.csv')[0] == 'fraction_fomula']\n",
    "    path_formula = os.path.join(data_dir, f'{name1[0]}.csv')\n",
    "    df_f = pd.read_csv(path_formula)\n",
    "    formu_4 = df_f['formula'].values\n",
    "    row_ind_4 = 4\n",
    "    save_num_4 = np.zeros((len(mat_props)-1, row_ind_4, row_ind_4))\n",
    "    for i, mat_prop in enumerate(mat_props):\n",
    "        if mat_prop.split('.csv')[0] == 'fraction_fomula':\n",
    "            mat_props.pop(i)\n",
    "    for i, mat_prop in enumerate(mat_props):   \n",
    "        if os.path.isfile(mat_prop):\n",
    "            name = os.path.basename(mat_prop).split('.csv')[0]\n",
    "            path = mat_prop\n",
    "        elif os.path.isdir(data_dir):\n",
    "            name = mat_prop.split('.csv')[0]\n",
    "            path = os.path.join(data_dir, f'{name}.csv')\n",
    "        else:\n",
    "            path = data_dir\n",
    "            name = mat_prop.split('/')[-1].split('.csv')[0]\n",
    "        df = pd.read_csv(path)\n",
    "        if 'element' not in df.columns:\n",
    "            df['element'] = df.iloc[:,0]\n",
    "            df = df.drop(columns=['Unnamed: 0'])\n",
    "        null_row = df['element'] == 'Null'\n",
    "        df = df[~null_row]\n",
    "        df.index = df['element']\n",
    "        elements = df.pop('element')\n",
    "        df = (df - df.mean(numeric_only=True)) / df.std(numeric_only=True)\n",
    "        current_elements = elements\n",
    "        df_extended = df.reindex(current_elements)\n",
    "        dfT = df_extended.T\n",
    "        dfT.columns = current_elements\n",
    "        corr2 = dfT.corr()\n",
    "        save_num_4[i,:,:] = corr2.values\n",
    "    all_dict_4 = dict(zip(formu_4, save_num_4)) \n",
    "    index_coll_4 = collections.OrderedDict()\n",
    "    k = 0\n",
    "    for k1,values in all_dict_4.items():\n",
    "        ll_k = []\n",
    "        ll_v = []\n",
    "        vv_k = []\n",
    "        vv_v = []\n",
    "        for k2,value_q in all_dict_4.items():\n",
    "            if np.abs(np.subtract(values, value_q)).max() <= thred_v:\n",
    "                ll_v.append(value_q)\n",
    "                ll_k.append(k2)\n",
    "            else:\n",
    "                vv_v.append(value_q)\n",
    "                vv_k.append(k2)\n",
    "        if len(ll_v) != 0:\n",
    "            index_coll_4[str(k)] = dict(zip(ll_k, ll_v))\n",
    "            k = k+1\n",
    "        if len(vv_v) != 0 and len(vv_v) != 1: \n",
    "            all_dict_4 = dict()\n",
    "            all_dict_4 = dict(zip(vv_k, vv_v))\n",
    "        else:\n",
    "            break\n",
    "    if len(vv_v) != 0:       \n",
    "        index_coll_4[str(k)] = dict(zip(vv_k, vv_v))\n",
    "    puzzle_dict_4 = collections.OrderedDict()\n",
    "    for i,v in index_coll_4.items():\n",
    "            first_key = next(iter(v))\n",
    "            puzzle_dict_4[i] = dict(zip([first_key],[v[first_key]]))\n",
    "            continue\n",
    "#####################################################################################################################\n",
    "    s_name = '5'\n",
    "    data_dir = os.path.join(lgdcnn_dir,\"data\", dir_s, s_d, str_f,s_n,s_name)\n",
    "    if isinstance(data_dir, list):\n",
    "        mat_props = data_dir\n",
    "    elif os.path.isdir(data_dir):\n",
    "        mat_props = os.listdir(data_dir)\n",
    "    else:\n",
    "        mat_props = [data_dir]\n",
    "\n",
    "    name1 = [i.split('.csv')[0] for i in mat_props if i.split('.csv')[0] == 'fraction_fomula']\n",
    "    path_formula = os.path.join(data_dir, f'{name1[0]}.csv')\n",
    "    df_f = pd.read_csv(path_formula)\n",
    "    formu_5 = df_f['formula'].values\n",
    "\n",
    "    row_ind_5 = 5\n",
    "    save_num_5 = np.zeros((len(mat_props)-1, row_ind_5, row_ind_5))\n",
    "\n",
    "    for i, mat_prop in enumerate(mat_props):\n",
    "        if mat_prop.split('.csv')[0] == 'fraction_fomula':\n",
    "            mat_props.pop(i)\n",
    "    for i, mat_prop in enumerate(mat_props):   \n",
    "        if os.path.isfile(mat_prop):\n",
    "            name = os.path.basename(mat_prop).split('.csv')[0]\n",
    "            path = mat_prop\n",
    "        elif os.path.isdir(data_dir):\n",
    "            name = mat_prop.split('.csv')[0]\n",
    "            path = os.path.join(data_dir, f'{name}.csv')\n",
    "        else:\n",
    "            path = data_dir\n",
    "            name = mat_prop.split('/')[-1].split('.csv')[0]\n",
    "        df = pd.read_csv(path)\n",
    "        if 'element' not in df.columns:\n",
    "            df['element'] = df.iloc[:,0]\n",
    "            df = df.drop(columns=['Unnamed: 0'])\n",
    "        null_row = df['element'] == 'Null'\n",
    "        df = df[~null_row]\n",
    "        df.index = df['element']\n",
    "        elements = df.pop('element')\n",
    "        df = (df - df.mean(numeric_only=True)) / df.std(numeric_only=True)\n",
    "        current_elements = elements\n",
    "        df_extended = df.reindex(current_elements)\n",
    "        dfT = df_extended.T\n",
    "        dfT.columns = current_elements\n",
    "        corr2 = dfT.corr()\n",
    "        save_num_5[i,:,:] = corr2.values\n",
    "    all_dict_5 = dict(zip(formu_5, save_num_5)) \n",
    "    index_coll_5 = collections.OrderedDict()\n",
    "    k = 0\n",
    "    for k1,values in all_dict_5.items():\n",
    "        ll_k = []\n",
    "        ll_v = []\n",
    "        vv_k = []\n",
    "        vv_v = []\n",
    "        for k2,value_q in all_dict_5.items():\n",
    "            if np.abs(np.subtract(values, value_q)).max() <= thred_v:\n",
    "                ll_v.append(value_q)\n",
    "                ll_k.append(k2)\n",
    "            else:\n",
    "                vv_v.append(value_q)\n",
    "                vv_k.append(k2)\n",
    "        if len(ll_v) != 0:\n",
    "            index_coll_5[str(k)] = dict(zip(ll_k, ll_v))\n",
    "            k = k+1\n",
    "        if len(vv_v) != 0 and len(vv_v) != 1: \n",
    "            all_dict_5 = dict()\n",
    "            all_dict_5 = dict(zip(vv_k, vv_v))\n",
    "        else:\n",
    "            break\n",
    "    if len(vv_v) != 0:       \n",
    "        index_coll_5[str(k)] = dict(zip(vv_k, vv_v))\n",
    "    puzzle_dict_5 = collections.OrderedDict()\n",
    "    for i,v in index_coll_5.items():\n",
    "            first_key = next(iter(v))\n",
    "            puzzle_dict_5[i] = dict(zip([first_key],[v[first_key]]))\n",
    "            continue\n",
    "#####################################################################################################################\n",
    "    s_name = '6'\n",
    "    data_dir = os.path.join(lgdcnn_dir,\"data\", dir_s, s_d, str_f,s_n,s_name)\n",
    "    if isinstance(data_dir, list):\n",
    "        mat_props = data_dir\n",
    "    elif os.path.isdir(data_dir):\n",
    "        mat_props = os.listdir(data_dir)\n",
    "    else:\n",
    "        mat_props = [data_dir]\n",
    "    # %%\n",
    "    name1 = [i.split('.csv')[0] for i in mat_props if i.split('.csv')[0] == 'fraction_fomula']\n",
    "    path_formula = os.path.join(data_dir, f'{name1[0]}.csv')\n",
    "    df_f = pd.read_csv(path_formula)\n",
    "    formu_6 = df_f['formula'].values\n",
    "    row_ind_6 = 6\n",
    "    save_num_6 = np.zeros((len(mat_props)-1, row_ind_6, row_ind_6))\n",
    "    for i, mat_prop in enumerate(mat_props):\n",
    "        if mat_prop.split('.csv')[0] == 'fraction_fomula':\n",
    "            mat_props.pop(i)\n",
    "    for i, mat_prop in enumerate(mat_props):   \n",
    "        if os.path.isfile(mat_prop):\n",
    "            name = os.path.basename(mat_prop).split('.csv')[0]\n",
    "            path = mat_prop\n",
    "        elif os.path.isdir(data_dir):\n",
    "            name = mat_prop.split('.csv')[0]\n",
    "            path = os.path.join(data_dir, f'{name}.csv')\n",
    "        else:\n",
    "            path = data_dir\n",
    "            name = mat_prop.split('/')[-1].split('.csv')[0]  \n",
    "        df = pd.read_csv(path)\n",
    "        if 'element' not in df.columns:\n",
    "            df['element'] = df.iloc[:,0]\n",
    "            df = df.drop(columns=['Unnamed: 0'])\n",
    "        null_row = df['element'] == 'Null'\n",
    "        df = df[~null_row]\n",
    "        df.index = df['element']\n",
    "        elements = df.pop('element')\n",
    "        df = (df - df.mean(numeric_only=True)) / df.std(numeric_only=True)\n",
    "        current_elements = elements\n",
    "        df_extended = df.reindex(current_elements)\n",
    "        dfT = df_extended.T\n",
    "        dfT.columns = current_elements\n",
    "        corr2 = dfT.corr()\n",
    "        save_num_6[i,:,:] = corr2.values\n",
    "    all_dict_6 = dict(zip(formu_6, save_num_6)) \n",
    "    index_coll_6 = collections.OrderedDict()\n",
    "\n",
    "    k = 0\n",
    "    for k1,values in all_dict_6.items():\n",
    "        ll_k = []\n",
    "        ll_v = []\n",
    "        vv_k = []\n",
    "        vv_v = []\n",
    "        for k2,value_q in all_dict_6.items():\n",
    "            if np.abs(np.subtract(values, value_q)).max() <= thred_v:\n",
    "                ll_v.append(value_q)\n",
    "                ll_k.append(k2)\n",
    "            else:\n",
    "                vv_v.append(value_q)\n",
    "                vv_k.append(k2)\n",
    "        if len(ll_v) != 0:\n",
    "            index_coll_6[str(k)] = dict(zip(ll_k, ll_v))\n",
    "            k = k+1\n",
    "        if len(vv_v) != 0 and len(vv_v) != 1: \n",
    "            all_dict_6 = dict()\n",
    "            all_dict_6 = dict(zip(vv_k, vv_v))\n",
    "        else:\n",
    "            break\n",
    "    if len(vv_v) != 0:       \n",
    "        index_coll_6[str(k)] = dict(zip(vv_k, vv_v))\n",
    "    puzzle_dict_6 = collections.OrderedDict()\n",
    "    for i,v in index_coll_6.items():\n",
    "            first_key = next(iter(v))\n",
    "            puzzle_dict_6[i] = dict(zip([first_key],[v[first_key]]))\n",
    "            continue\n",
    "#####################################################################################################################\n",
    "    s_name = '7'\n",
    "    data_dir = os.path.join(lgdcnn_dir,\"data\", dir_s, s_d, str_f,s_n,s_name)\n",
    "    if isinstance(data_dir, list):\n",
    "        mat_props = data_dir\n",
    "    elif os.path.isdir(data_dir):\n",
    "        mat_props = os.listdir(data_dir)\n",
    "    else:\n",
    "        mat_props = [data_dir]\n",
    "    # %%\n",
    "    name1 = [i.split('.csv')[0] for i in mat_props if i.split('.csv')[0] == 'fraction_fomula']\n",
    "    path_formula = os.path.join(data_dir, f'{name1[0]}.csv')\n",
    "    df_f = pd.read_csv(path_formula)\n",
    "    formu_7 = df_f['formula'].values\n",
    "    row_ind_7 = 7\n",
    "    save_num_7 = np.zeros((len(mat_props)-1, row_ind_7, row_ind_7))\n",
    "    for i, mat_prop in enumerate(mat_props):\n",
    "        if mat_prop.split('.csv')[0] == 'fraction_fomula':\n",
    "            mat_props.pop(i)\n",
    "    for i, mat_prop in enumerate(mat_props):   \n",
    "        if os.path.isfile(mat_prop):\n",
    "            name = os.path.basename(mat_prop).split('.csv')[0]\n",
    "            path = mat_prop\n",
    "        elif os.path.isdir(data_dir):\n",
    "            name = mat_prop.split('.csv')[0]\n",
    "            path = os.path.join(data_dir, f'{name}.csv')\n",
    "        else:\n",
    "            path = data_dir\n",
    "            name = mat_prop.split('/')[-1].split('.csv')[0]\n",
    "        # read csv files\n",
    "        df = pd.read_csv(path)\n",
    "        if 'element' not in df.columns:\n",
    "            df['element'] = df.iloc[:,0]\n",
    "            df = df.drop(columns=['Unnamed: 0'])\n",
    "        null_row = df['element'] == 'Null'\n",
    "        df = df[~null_row]\n",
    "        df.index = df['element']\n",
    "        elements = df.pop('element')\n",
    "        df = (df - df.mean(numeric_only=True)) / df.std(numeric_only=True)\n",
    "        current_elements = elements\n",
    "        df_extended = df.reindex(current_elements)\n",
    "        dfT = df_extended.T\n",
    "        dfT.columns = current_elements\n",
    "        corr2 = dfT.corr()\n",
    "        save_num_7[i,:,:] = corr2.values\n",
    "    all_dict_7 = dict(zip(formu_7, save_num_7)) \n",
    "    index_coll_7 = collections.OrderedDict()\n",
    "    k = 0\n",
    "    for k1,values in all_dict_7.items():\n",
    "        ll_k = []\n",
    "        ll_v = []\n",
    "        vv_k = []\n",
    "        vv_v = []\n",
    "        for k2,value_q in all_dict_7.items():\n",
    "            if np.abs(np.subtract(values, value_q)).max() <= thred_v:\n",
    "                ll_v.append(value_q)\n",
    "                ll_k.append(k2)\n",
    "            else:\n",
    "                vv_v.append(value_q)\n",
    "                vv_k.append(k2)\n",
    "        if len(ll_v) != 0:\n",
    "            index_coll_7[str(k)] = dict(zip(ll_k, ll_v))\n",
    "            k = k+1\n",
    "        if len(vv_v) != 0 and len(vv_v) != 1: \n",
    "            all_dict_7 = dict()\n",
    "            all_dict_7 = dict(zip(vv_k, vv_v))\n",
    "        else:\n",
    "            break \n",
    "    if len(vv_v) != 0:       \n",
    "        index_coll_7[str(k)] = dict(zip(vv_k, vv_v))\n",
    "    puzzle_dict_7 = collections.OrderedDict()\n",
    "    for i,v in index_coll_7.items():\n",
    "            first_key = next(iter(v))\n",
    "            puzzle_dict_7[i] = dict(zip([first_key],[v[first_key]]))\n",
    "            continue\n",
    "    corr_conc = len(puzzle_dict_3) + len(puzzle_dict_4)+len(puzzle_dict_5)+len(puzzle_dict_6)+len(puzzle_dict_7)\n",
    "    print(f'{num}-----{thred_v}:  {corr_conc}')"
   ]
  },
  {
   "cell_type": "code",
   "execution_count": 9,
   "metadata": {},
   "outputs": [
    {
     "data": {
      "text/plain": [
       "OrderedDict([('0',\n",
       "              {'Ca1Cr1Mg1Na1O12Si4': array([[ 1.        ,  0.15310829, -0.29102586, -0.69014198, -0.32874092,\n",
       "                       -0.16569028],\n",
       "                      [ 0.15310829,  1.        ,  0.64281263, -0.21022304, -0.87943419,\n",
       "                       -0.84833313],\n",
       "                      [-0.29102586,  0.64281263,  1.        ,  0.42885081, -0.71831326,\n",
       "                       -0.8262228 ],\n",
       "                      [-0.69014198, -0.21022304,  0.42885081,  1.        ,  0.16030518,\n",
       "                       -0.13239755],\n",
       "                      [-0.32874092, -0.87943419, -0.71831326,  0.16030518,  1.        ,\n",
       "                        0.87030508],\n",
       "                      [-0.16569028, -0.84833313, -0.8262228 , -0.13239755,  0.87030508,\n",
       "                        1.        ]]),\n",
       "               'Al1Fe1K1Mg2O12Si3': array([[ 1.        ,  0.15305381, -0.33958547, -0.70914926, -0.28605638,\n",
       "                       -0.17515962],\n",
       "                      [ 0.15305381,  1.        ,  0.63995235, -0.17440608, -0.90926292,\n",
       "                       -0.86231572],\n",
       "                      [-0.33958547,  0.63995235,  1.        ,  0.41810235, -0.67765745,\n",
       "                       -0.79639121],\n",
       "                      [-0.70914926, -0.17440608,  0.41810235,  1.        ,  0.13277023,\n",
       "                       -0.10075767],\n",
       "                      [-0.28605638, -0.90926292, -0.67765745,  0.13277023,  1.        ,\n",
       "                        0.86198186],\n",
       "                      [-0.17515962, -0.86231572, -0.79639121, -0.10075767,  0.86198186,\n",
       "                        1.        ]]),\n",
       "               'Al1Ca2F1O9Si2Ti1': array([[ 1.        , -0.12433316, -0.49394832, -0.45640723, -0.29358989,\n",
       "                       -0.08473032],\n",
       "                      [-0.12433316,  1.        ,  0.47062735, -0.09450332, -0.62763312,\n",
       "                       -0.76365753],\n",
       "                      [-0.49394832,  0.47062735,  1.        ,  0.50611403, -0.33945028,\n",
       "                       -0.67071321],\n",
       "                      [-0.45640723, -0.09450332,  0.50611403,  1.        ,  0.04719523,\n",
       "                       -0.26267876],\n",
       "                      [-0.29358989, -0.62763312, -0.33945028,  0.04719523,  1.        ,\n",
       "                        0.55815454],\n",
       "                      [-0.08473032, -0.76365753, -0.67071321, -0.26267876,  0.55815454,\n",
       "                        1.        ]]),\n",
       "               'Ca7H4Mn1Na4O36Si12': array([[ 1.        , -0.1534144 , -0.54625559, -0.66254085, -0.29246718,\n",
       "                        0.03361475],\n",
       "                      [-0.1534144 ,  1.        ,  0.56720389,  0.07182856, -0.72018424,\n",
       "                       -0.80185158],\n",
       "                      [-0.54625559,  0.56720389,  1.        ,  0.7037056 , -0.45051121,\n",
       "                       -0.7618693 ],\n",
       "                      [-0.66254085,  0.07182856,  0.7037056 ,  1.        ,  0.10714861,\n",
       "                       -0.40014518],\n",
       "                      [-0.29246718, -0.72018424, -0.45051121,  0.10714861,  1.        ,\n",
       "                        0.69210153],\n",
       "                      [ 0.03361475, -0.80185158, -0.7618693 , -0.40014518,  0.69210153,\n",
       "                        1.        ]]),\n",
       "               'Al1Ca6F1O29Si6Ti5': array([[ 1.        , -0.11351149, -0.55766412, -0.62591608, -0.03274185,\n",
       "                       -0.01152201],\n",
       "                      [-0.11351149,  1.        ,  0.6128495 , -0.0969972 , -0.72362397,\n",
       "                       -0.83156805],\n",
       "                      [-0.55766412,  0.6128495 ,  1.        ,  0.47340429, -0.60874153,\n",
       "                       -0.69821093],\n",
       "                      [-0.62591608, -0.0969972 ,  0.47340429,  1.        ,  0.01530855,\n",
       "                       -0.17069832],\n",
       "                      [-0.03274185, -0.72362397, -0.60874153,  0.01530855,  1.        ,\n",
       "                        0.59930922],\n",
       "                      [-0.01152201, -0.83156805, -0.69821093, -0.17069832,  0.59930922,\n",
       "                        1.        ]]),\n",
       "               'Al18Ca3Cr1O48Si1Y9': array([[ 1.        , -0.10681265, -0.49188647, -0.69900347, -0.2914172 ,\n",
       "                        0.02905859],\n",
       "                      [-0.10681265,  1.        ,  0.59576214,  0.16495225, -0.73683242,\n",
       "                       -0.84764052],\n",
       "                      [-0.49188647,  0.59576214,  1.        ,  0.6953758 , -0.53468302,\n",
       "                       -0.77763949],\n",
       "                      [-0.69900347,  0.16495225,  0.6953758 ,  1.        , -0.00594205,\n",
       "                       -0.42081351],\n",
       "                      [-0.2914172 , -0.73683242, -0.53468302, -0.00594205,  1.        ,\n",
       "                        0.73022599],\n",
       "                      [ 0.02905859, -0.84764052, -0.77763949, -0.42081351,  0.73022599,\n",
       "                        1.        ]]),\n",
       "               'Na25O96P12Sc5Si12Zr11': array([[ 1.        , -0.1474911 , -0.52663997, -0.71279174, -0.22568187,\n",
       "                        0.09271598],\n",
       "                      [-0.1474911 ,  1.        ,  0.60352796,  0.1105193 , -0.69689153,\n",
       "                       -0.78111132],\n",
       "                      [-0.52663997,  0.60352796,  1.        ,  0.69647412, -0.45358751,\n",
       "                       -0.79548451],\n",
       "                      [-0.71279174,  0.1105193 ,  0.69647412,  1.        ,  0.08638567,\n",
       "                       -0.44637687],\n",
       "                      [-0.22568187, -0.69689153, -0.45358751,  0.08638567,  1.        ,\n",
       "                        0.51265091],\n",
       "                      [ 0.09271598, -0.78111132, -0.79548451, -0.44637687,  0.51265091,\n",
       "                        1.        ]]),\n",
       "               'C1Ca3H14O10S1Si1': array([[ 1.        ,  0.20129943, -0.26529027, -0.55309766, -0.53378586,\n",
       "                       -0.21156606],\n",
       "                      [ 0.20129943,  1.        ,  0.57095531, -0.23215457, -0.7755183 ,\n",
       "                       -0.79873107],\n",
       "                      [-0.26529027,  0.57095531,  1.        ,  0.37029794, -0.51258512,\n",
       "                       -0.76802337],\n",
       "                      [-0.55309766, -0.23215457,  0.37029794,  1.        ,  0.28208103,\n",
       "                       -0.20402974],\n",
       "                      [-0.53378586, -0.7755183 , -0.51258512,  0.28208103,  1.        ,\n",
       "                        0.67840853],\n",
       "                      [-0.21156606, -0.79873107, -0.76802337, -0.20402974,  0.67840853,\n",
       "                        1.        ]]),\n",
       "               'Ba1Ca1Mg1O8Si2Sr1': array([[ 1.        , -0.08788378, -0.47257555, -0.70093339, -0.40229951,\n",
       "                        0.04388232],\n",
       "                      [-0.08788378,  1.        ,  0.63048969,  0.14539974, -0.73668133,\n",
       "                       -0.84706485],\n",
       "                      [-0.47257555,  0.63048969,  1.        ,  0.64974024, -0.45774816,\n",
       "                       -0.8080602 ],\n",
       "                      [-0.70093339,  0.14539974,  0.64974024,  1.        ,  0.13359111,\n",
       "                       -0.42889483],\n",
       "                      [-0.40229951, -0.73668133, -0.45774816,  0.13359111,  1.        ,\n",
       "                        0.68946404],\n",
       "                      [ 0.04388232, -0.84706485, -0.8080602 , -0.42889483,  0.68946404,\n",
       "                        1.        ]]),\n",
       "               'Ba6C2Cl3Fe3O30Si8': array([[ 1.        ,  0.13464188, -0.1891787 , -0.66515963, -0.48891996,\n",
       "                        0.02217532],\n",
       "                      [ 0.13464188,  1.        ,  0.69420465, -0.0481247 , -0.74779093,\n",
       "                       -0.76110576],\n",
       "                      [-0.1891787 ,  0.69420465,  1.        ,  0.38309192, -0.64409196,\n",
       "                       -0.80799284],\n",
       "                      [-0.66515963, -0.0481247 ,  0.38309192,  1.        ,  0.27006638,\n",
       "                       -0.4681384 ],\n",
       "                      [-0.48891996, -0.74779093, -0.64409196,  0.27006638,  1.        ,\n",
       "                        0.48829277],\n",
       "                      [ 0.02217532, -0.76110576, -0.80799284, -0.4681384 ,  0.48829277,\n",
       "                        1.        ]]),\n",
       "               'C7Cu1H18I1S3Si1': array([[ 1.        ,  0.34234981, -0.13557948, -0.7294354 , -0.52516433,\n",
       "                       -0.41532008],\n",
